@Author: Atul Sahay <atul>
@Date:   2018-08-08T00:15:51+05:30
@Email:  atulsahay01@gmail.com
@Filename: weights.txt
@Last modified by:   atul
@Last modified time: 2018-08-11T19:15:13+05:30



array([ 0.08298269,  0.04410562,  0.42041518, -0.13815154,  0.50636127,
        0.79210483,  0.76533136,  0.68864148,  0.31995561,  0.47053186,
        0.39383155,  0.7300572 ,  0.70764188,  1.34505694,  0.12469237,
        0.74976797,  0.34449257, -0.70297976,  0.02485543,  0.38090855,
        0.07112232,  0.0539705 , -0.00669792,  0.00502503,  0.66269669])

new w
array([ -9.73514974e-05,   3.81453289e-04,   1.24725526e-04,
         7.75507209e-04,  -8.33543830e-05,   1.60726007e-04,
         7.85165435e-05,   2.73330532e-04,   7.39124629e-04,
        -1.75788817e-04,   7.99349304e-04,   5.42927169e-04,
         1.81923389e-04,  -7.95604077e-05,   6.47361650e-04,
         1.75662569e-04,   4.26539808e-04,  -2.60218720e-03,
         5.26897645e-04,   7.54822113e-07,   6.19969343e-04,
        -8.12840179e-03,   2.11425113e-03,   9.51605438e-02,
         8.40772243e-18])
w2
array([ -3.05317517e-04,   8.82195960e-04,   2.11945809e-05,
         1.96521278e-03,  -4.19152398e-04,   4.38103211e-05,
        -1.76797336e-04,   4.19919054e-04,   1.61358967e-03,
        -6.64625071e-04,   1.89793285e-03,   9.77224863e-04,
         2.31580316e-04,  -5.13102099e-04,   1.49324074e-03,
         2.09193980e-04,   1.08788488e-03,  -6.46164657e-03,
         1.25891862e-03,  -4.31251667e-05,   1.56496255e-03,
        -1.99730928e-02,   5.25346191e-03,   2.58956923e-01,
         1.81060687e-17])

w3
array([ -4.47196226e-04,   1.16945363e-03,  -2.34951109e-04,
         2.70178629e-03,  -6.87054158e-04,  -2.08930517e-04,
        -5.49615012e-04,   4.36341626e-04,   2.02378052e-03,
        -1.05695901e-03,   2.66475401e-03,   1.02565715e-03,
         2.03326392e-04,  -1.01540203e-03,   2.03578378e-03,
         1.63246458e-04,   1.54924762e-03,  -8.92465229e-03,
         1.66679507e-03,  -4.51616579e-05,   2.19535033e-03,
        -2.72874589e-02,   7.24763005e-03,   3.92862561e-01,
         2.18644339e-17])
w4
array([ -5.07733053e-04,   1.38321353e-03,  -9.08400815e-04,
         3.23621353e-03,  -8.62653791e-04,  -7.01923703e-04,
        -1.27510625e-03,   5.08206095e-04,   2.12988735e-03,
        -1.46097562e-03,   3.83818335e-03,   6.32394499e-04,
         2.44532248e-04,  -2.03750906e-03,   2.70783627e-03,
         1.64157710e-04,   2.13847881e-03,  -1.12073631e-02,
         1.86020196e-03,   1.35596446e-04,   2.89930177e-03,
        -3.32614429e-02,   9.02975328e-03,   6.30468807e-01,
         1.42758722e-17])
w5
array([ -3.42433969e-04,   1.25045739e-03,  -1.40757368e-03,
         2.87894110e-03,  -6.79094458e-04,  -9.27250888e-04,
        -1.63939423e-03,   6.42157754e-04,   1.78194008e-03,
        -1.42553933e-03,   4.32925584e-03,   1.35895471e-04,
         3.80304986e-04,  -2.63601903e-03,   2.79107785e-03,
         2.72312901e-04,   2.27670262e-03,  -1.06189214e-02,
         1.53993084e-03,   3.77257157e-04,   2.95999400e-03,
        -3.04592459e-02,   8.43729633e-03,   7.74521067e-01,
        -6.40547164e-18])
w6 learn = 0.003 iteration = 900
array([ -1.13552084e-04,   1.01128598e-03,  -1.70202954e-03,
         2.27777090e-03,  -4.17855246e-04,  -9.84135547e-04,
        -1.76338168e-03,   7.71019632e-04,   1.39889530e-03,
        -1.26021470e-03,   4.39253615e-03,  -2.35191596e-04,
         5.06615617e-04,  -2.89297614e-03,   2.56251090e-03,
         3.84593755e-04,   2.20166720e-03,  -9.00040296e-03,
         1.11780397e-03,   5.51235499e-04,   2.77155958e-03,
        -2.48313663e-02,   7.00926447e-03,   8.62066811e-01,
        -3.06648370e-17])
w7 learn = 0.009 iterations = 900
array([  3.65650781e-04,   4.84535788e-05,  -4.39890434e-04,
         8.71169246e-06,   2.13241925e-04,  -1.89302839e-04,
        -6.10660251e-04,   8.66362648e-04,   1.90007583e-04,
        -6.06243419e-04,   4.81116197e-04,  -1.85029784e-06,
         2.69896067e-04,  -4.50767795e-04,  -2.01423483e-04,
         2.77839075e-04,   1.00473956e-04,  -1.63889279e-04,
        -2.00365942e-05,  -6.21181337e-05,   2.60991800e-04,
        -6.77547624e-05,   1.51718483e-05,   9.99915874e-01,
        -1.55346040e-17])
w8 learn = 0.009 iterations = 900
array([  1.17060638e-04,   2.35004099e-05,  -1.30034190e-04,
        -6.00073925e-07,   1.44797284e-04,  -1.21922294e-04,
        -2.72050584e-04,   5.26221663e-04,   4.09867733e-05,
        -4.16564801e-04,   5.18866714e-05,   1.04937370e-04,
         7.10802144e-05,  -1.04007447e-04,  -1.19510175e-04,
         1.11695455e-04,  -1.79680686e-05,  -2.72377937e-05,
        -7.60613142e-06,  -3.40653639e-05,   1.54812658e-05,
         2.62793430e-06,  -1.78809030e-07,   9.99996409e-01,
         2.75190075e-17])
w9 learn = 0.009 iterations = 900
array([  4.83236785e-05   1.43809967e-05  -5.88349409e-05  -5.98913
378e-07
   1.15374896e-04  -1.19770311e-04  -1.21900370e-04   3.097554
27e-04
   8.90674998e-06  -2.68196950e-04   1.28357115e-05   8.422369
12e-05
   8.82174739e-06  -3.86077193e-05  -4.76121934e-05   6.055884
69e-05
  -9.37852875e-06  -8.68991337e-06  -3.88326111e-06  -1.111376
81e-05
   1.52655965e-07   3.41967173e-06  -9.60550179e-08   9.999985
88e-01
   2.80435284e-17])

w10 learn == 0.009 iterations = 900

[4.8323678489854962e-05, 1.4380996738738188e-05, -5.883494092757806e-05, -5.9891
337837275477e-07, 0.00011537489575387445, -0.00011977031061437722, -0.00012190036
972600384, 0.00030975542657251417, 8.906749983467676e-06, -0.00026819694957273702
, 1.2835711508747541e-05, 8.4223691204577823e-05, 8.8217473911939632e-06, -3.8607
719306529492e-05, -4.7612193414220415e-05, 6.0558846924202229e-05, -9.37852874565
51059e-06, -8.6899133683236782e-06, -3.8832611082558019e-06, -1.1113768057652777e
-05, 1.5265596455902662e-07, 3.4196717318779231e-06, -9.6055017858422143e-08, 0.9
999985876262969, 2.8043528356436112e-17]

w11 learn == 0.009 iterations = 100000
array([-2.4939705517793422, -0.53974573559169647, 1.0491918338698636, 0.16653430461185/
684, 0.45656696338442215, 5.0809184369857272, -0.24554144887005949, 1.71871231073/
11848, -1.2673354445690064, -1.9000018027212746, -1.3791808114877206, 3.123807206/
5368114, 0.24339423293013179, 13.572180704418875, -0.99178304418971552, -3.255300/
5972305851, -0.18079819497701097, -4.2608779675490114, 0.29195264761876505, 3.180/
6330096196036, 0.077131364057355919, 0.72720412498405451, 0.15508153191195595, 0.0010186968442210439, 6.8950000000000253])

w12 learn = 0.03 iterations = 100000

array([-2.4939705517793422, -0.53974573559169647, 1.0491918338698636, 0.16653430461185/
684, 0.45656696338442215, 5.0809184369857272, -0.24554144887005949, 1.71871231073/
11848, -1.2673354445690064, -1.9000018027212746, -1.3791808114877206, 3.123807206/
5368114, 0.24339423293013179, 13.572180704418875, -0.99178304418971552, -3.255300/
5972305851, -0.18079819497701097, -4.2608779675490114, 0.29195264761876505, 3.180/
6330096196036, 0.077131364057355919, 0.72720412498405451, 0.15508153191195595, 0.0010186968442210439, 6.8950000000000253])
